[
    [154, 138, 93, 128],
    [205, 72, 0, 0],
    [225, 16, 18, 0], # type 2 format of nfc forum?
    [1, 3, 160, 12],

    [52, 3, 120, 210],
    [10, 107, 116, 101], <enter>kte

    [120, 116, 47, 118], # xt/v
    [99, 97, 114, 100], # card
    [66, 69, 71, 73], # BEGI
    [78, 58, 86, 67], # N:vc
    [65, 82, 68, 10], # etc.
    [86, 69, 82, 83],
    [73, 79, 78, 58],
    [51, 46, 48, 10],
    [70, 78, 58, 112],
    [105, 101, 116, 106],
    [101, 10, 79, 82],
    [71, 58, 97, 98],
    [110, 10, 65, 68],
    [82, 58, 59, 59],
    [103, 117, 115, 116],
    [97, 118, 59, 59],
    [59, 59, 59, 10],
    [84, 69, 76, 58],
    [48, 54, 49, 50],
    [51, 52, 53, 54],
    [55, 56, 10, 69],
    [77, 65, 73, 76],
    [58, 112, 105, 101],
    [116, 106, 101, 64],
    [101, 109, 97, 105],
    [108, 46, 99, 111],
    [109, 10, 69, 78],
    [68, 58, 86, 67],
    [65, 82, 68, 254], # ARD <end of payload>

    [0, 0, 0, 0],
    [0, 0, 0, 0],
    [0, 0, 0, 0],
    [0, 0, 0, 0],
    [0, 0, 0, 189],
    [4, 0, 0, 255],
    [0, 5, 0, 0],
    [0, 0, 0, 0],
    [0, 0, 0, 0],
    [],
    [],
    [],
    [],
    []
]