[
    [154, 138, 93, 128], 
    [205, 72, 0, 0], 
    [225, 16, 18, 0], 
    [1, 3, 160, 12], 

    [52, 3, 8, 209], # text indicator?
    [1, 4, 84, 2], 

    [101, 110, 49, 254], # 101 + 110 makes 'en', meaning english; 49 = 1; 254 probably means its the end of the payload
    
    [97, 114, 101, 97], # but what is this then?
    [99, 254, 0, 0], # again 254 means end of payload
    [0, 0, 0, 0], 
    [0, 0, 0, 0], 
    [0, 0, 0, 0], 
    [0, 0, 0, 0], 
    [0, 0, 0, 0], 
    [0, 0, 0, 0], 
    [0, 0, 0, 0], 
    [0, 0, 0, 0], 
    [0, 0, 0, 0], 
    [0, 0, 0, 0]
]