[
    [154, 138, 93, 128], 
    [205, 72, 0, 0], 
    [225, 16, 18, 0], 
    [1, 3, 160, 12], 

    [52, 3, 22, 209], # url???
    [1, 18, 85, 
        4 # https is 4
    ], 

    [103, 97, 109, 101], # game
    [115, 119, 111, 114], #swor
    [107, 115, 104, 111], #ksho
    [112, 46, 99, 111], #p.co
    [109, #m
        254, # means end of the payload, nothing comes afterwards
        0, 0
    ], 

    [0, 0, 0, 0], 
    [0, 0, 0, 0], 
    [0, 0, 0, 0], 
    [0, 0, 0, 0], 
    [0, 0, 0, 0], 
    [0, 0, 0, 0], 
    [0, 0, 0, 0], 
    [0, 0, 0, 0]
]